2000 0.98   0  527  527  527  527 0.98 0.98 0.98 0.98 2472.98 3194.63 2864.02 3564.36 224.82 138.84 67.32 71.73 2697.80 3333.47 2931.34 3636.09  174679.78 101839.92 35663.93 36371.40 3636.09 348555.02  348555.02
2000 0.98 100  527  527  527  527 0.98 0.98 0.98 0.98 2472.98 3194.63 2864.02 3564.36 224.82 138.84 67.32 71.73 2697.80 3333.47 2931.34 3636.09  174679.78 101839.92 35663.93 36371.40 3636.09 348555.02  712163.99
2000 0.98 150  527  527  527  527 0.98 0.98 0.98 0.98 2472.98 3194.63 2864.02 3564.36 224.82 138.84 67.32 71.73 2697.80 3333.47 2931.34 3636.09  174679.78 101839.92 35663.93 36371.40 3636.09 348555.02  893968.47
2000 0.98 200  527  527  527  527 0.98 0.98 0.98 0.98 2472.98 3194.63 2864.02 3564.36 224.82 138.84 67.32 71.73 2697.80 3333.47 2931.34 3636.09  174679.78 101839.92 35663.93 36371.40 3636.09 348555.02 1075772.96
2000 0.98 250  527  527  527  527 0.98 0.98 0.98 0.98 2472.98 3194.63 2864.02 3564.36 224.82 138.84 67.32 71.73 2697.80 3333.47 2931.34 3636.09  174679.78 101839.92 35663.93 36371.40 3636.09 348555.02 1257577.44
2000 0.98 300  527  527  527  527 0.98 0.98 0.98 0.98 2472.98 3194.63 2864.02 3564.36 224.82 138.84 67.32 71.73 2697.80 3333.47 2931.34 3636.09  174679.78 101839.92 35663.93 36371.40 3636.09 348555.02 1439381.93
2000 0.98 350  527  527  527  527 0.98 0.98 0.98 0.98 2472.98 3194.63 2864.02 3564.36 224.82 138.84 67.32 71.73 2697.80 3333.47 2931.34 3636.09  174679.78 101839.92 35663.93 36371.40 3636.09 348555.02 1621186.41
2000 0.98 400  527  527  527  527 0.98 0.98 0.98 0.98 2472.98 3194.63 2864.02 3564.36 224.82 138.84 67.32 71.73 2697.80 3333.47 2931.34 3636.09  174679.78 101839.92 35663.93 36371.40 3636.09 348555.02 1802990.90
2000 0.98 450  527  527  527  527 0.98 0.98 0.98 0.98 2472.98 3194.63 2864.02 3564.36 224.82 138.84 67.32 71.73 2697.80 3333.47 2931.34 3636.09  174679.78 101839.92 35663.93 36371.40 3636.09 348555.02 1984795.38
2000 0.98 500  527  527  527  527 0.98 0.98 0.98 0.98 2472.98 3194.63 2864.02 3564.36 224.82 138.84 67.32 71.73 2697.80 3333.47 2931.34 3636.09  174679.78 101839.92 35663.93 36371.40 3636.09 348555.02 2166599.87
2000 0.98  50  527  527  527  527 0.98 0.98 0.98 0.98 2472.98 3194.63 2864.02 3564.36 224.82 138.84 67.32 71.73 2697.80 3333.47 2931.34 3636.09  174679.78 101839.92 35663.93 36371.40 3636.09 348555.02  530359.50
