 100 0.98   0   25   25   25   25 0.98 0.98 0.98 0.98 1057.56 1239.82 1138.42 1316.04 48.56 36.08 31.33 35.03 1106.12 1275.90 1169.75 1351.07   8286.52  4831.12  1691.84  1725.40 1351.07 16534.87   16534.87
 100 0.98 100   25   25   25   25 0.98 0.98 0.98 0.98 1057.56 1239.82 1138.42 1316.04 48.56 36.08 31.33 35.03 1106.12 1275.90 1169.75 1351.07   8286.52  4831.12  1691.84  1725.40 1351.07 16534.87  151641.99
 100 0.98 150   25   25   25   25 0.98 0.98 0.98 0.98 1057.56 1239.82 1138.42 1316.04 48.56 36.08 31.33 35.03 1106.12 1275.90 1169.75 1351.07   8286.52  4831.12  1691.84  1725.40 1351.07 16534.87  219195.55
 100 0.98 200   25   25   25   25 0.98 0.98 0.98 0.98 1057.56 1239.82 1138.42 1316.04 48.56 36.08 31.33 35.03 1106.12 1275.90 1169.75 1351.07   8286.52  4831.12  1691.84  1725.40 1351.07 16534.87  286749.11
 100 0.98 250   25   25   25   25 0.98 0.98 0.98 0.98 1057.56 1239.82 1138.42 1316.04 48.56 36.08 31.33 35.03 1106.12 1275.90 1169.75 1351.07   8286.52  4831.12  1691.84  1725.40 1351.07 16534.87  354302.67
 100 0.98 300   25   25   25   25 0.98 0.98 0.98 0.98 1057.56 1239.82 1138.42 1316.04 48.56 36.08 31.33 35.03 1106.12 1275.90 1169.75 1351.07   8286.52  4831.12  1691.84  1725.40 1351.07 16534.87  421856.23
 100 0.98 350   25   25   25   25 0.98 0.98 0.98 0.98 1057.56 1239.82 1138.42 1316.04 48.56 36.08 31.33 35.03 1106.12 1275.90 1169.75 1351.07   8286.52  4831.12  1691.84  1725.40 1351.07 16534.87  489409.79
 100 0.98 400   25   25   25   25 0.98 0.98 0.98 0.98 1057.56 1239.82 1138.42 1316.04 48.56 36.08 31.33 35.03 1106.12 1275.90 1169.75 1351.07   8286.52  4831.12  1691.84  1725.40 1351.07 16534.87  556963.35
 100 0.98 450   25   25   25   25 0.98 0.98 0.98 0.98 1057.56 1239.82 1138.42 1316.04 48.56 36.08 31.33 35.03 1106.12 1275.90 1169.75 1351.07   8286.52  4831.12  1691.84  1725.40 1351.07 16534.87  624516.91
 100 0.98 500   25   25   25   25 0.98 0.98 0.98 0.98 1057.56 1239.82 1138.42 1316.04 48.56 36.08 31.33 35.03 1106.12 1275.90 1169.75 1351.07   8286.52  4831.12  1691.84  1725.40 1351.07 16534.87  692070.47
 100 0.98  50   25   25   25   25 0.98 0.98 0.98 0.98 1057.56 1239.82 1138.42 1316.04 48.56 36.08 31.33 35.03 1106.12 1275.90 1169.75 1351.07   8286.52  4831.12  1691.84  1725.40 1351.07 16534.87   84088.43
