1000 0.98   0  253  253  253  253 0.98 0.98 0.98 0.98 1700.42 2127.66 1922.15 2337.19 128.61 82.75 47.68 51.70 1829.03 2210.41 1969.83 2388.89  83859.55 48890.89 17121.39 17461.03 2388.89 167332.87  167332.87
1000 0.98 100  253  253  253  253 0.98 0.98 0.98 0.98 1700.42 2127.66 1922.15 2337.19 128.61 82.75 47.68 51.70 1829.03 2210.41 1969.83 2388.89  83859.55 48890.89 17121.39 17461.03 2388.89 167332.87  406221.70
1000 0.98 150  253  253  253  253 0.98 0.98 0.98 0.98 1700.42 2127.66 1922.15 2337.19 128.61 82.75 47.68 51.70 1829.03 2210.41 1969.83 2388.89  83859.55 48890.89 17121.39 17461.03 2388.89 167332.87  525666.12
1000 0.98 200  253  253  253  253 0.98 0.98 0.98 0.98 1700.42 2127.66 1922.15 2337.19 128.61 82.75 47.68 51.70 1829.03 2210.41 1969.83 2388.89  83859.55 48890.89 17121.39 17461.03 2388.89 167332.87  645110.54
1000 0.98 250  253  253  253  253 0.98 0.98 0.98 0.98 1700.42 2127.66 1922.15 2337.19 128.61 82.75 47.68 51.70 1829.03 2210.41 1969.83 2388.89  83859.55 48890.89 17121.39 17461.03 2388.89 167332.87  764554.96
1000 0.98 300  253  253  253  253 0.98 0.98 0.98 0.98 1700.42 2127.66 1922.15 2337.19 128.61 82.75 47.68 51.70 1829.03 2210.41 1969.83 2388.89  83859.55 48890.89 17121.39 17461.03 2388.89 167332.87  883999.38
1000 0.98 350  253  253  253  253 0.98 0.98 0.98 0.98 1700.42 2127.66 1922.15 2337.19 128.61 82.75 47.68 51.70 1829.03 2210.41 1969.83 2388.89  83859.55 48890.89 17121.39 17461.03 2388.89 167332.87 1003443.79
1000 0.98 400  253  253  253  253 0.98 0.98 0.98 0.98 1700.42 2127.66 1922.15 2337.19 128.61 82.75 47.68 51.70 1829.03 2210.41 1969.83 2388.89  83859.55 48890.89 17121.39 17461.03 2388.89 167332.87 1122888.21
1000 0.98 450  253  253  253  253 0.98 0.98 0.98 0.98 1700.42 2127.66 1922.15 2337.19 128.61 82.75 47.68 51.70 1829.03 2210.41 1969.83 2388.89  83859.55 48890.89 17121.39 17461.03 2388.89 167332.87 1242332.63
1000 0.98 500  253  253  253  253 0.98 0.98 0.98 0.98 1700.42 2127.66 1922.15 2337.19 128.61 82.75 47.68 51.70 1829.03 2210.41 1969.83 2388.89  83859.55 48890.89 17121.39 17461.03 2388.89 167332.87 1361777.05
1000 0.98  50  253  253  253  253 0.98 0.98 0.98 0.98 1700.42 2127.66 1922.15 2337.19 128.61 82.75 47.68 51.70 1829.03 2210.41 1969.83 2388.89  83859.55 48890.89 17121.39 17461.03 2388.89 167332.87  286777.28
