1000 0.97   0    0    0 1000    0 0.00 0.00 1.00 0.00    0.00    0.00 5693.00    0.00  0.00  0.00 101.23  0.00    0.00    0.00 5794.22    0.00      0.00     0.00 67673.48     0.00 5794.22 67673.48   67673.48
1000 0.97 100    0  202  525  273 0.00 1.00 0.96 0.97    0.00 2209.54 2225.53 2238.68  0.00 72.31 67.18 53.16    0.00 2281.86 2292.71 2291.84      0.00 39035.41 35528.58 18841.35 2292.71 93405.35  322676.37
1000 0.97 150  146  207  327  320 1.00 0.98 0.97 0.95 1538.36 1948.54 1979.83 1975.87 91.04 73.33 52.98 56.60 1629.40 2021.87 2032.81 2032.46  48393.26 40001.64 22129.23 22085.10 2032.81 132609.23  437530.33
1000 0.97 200  198  133  492  177 1.00 1.00 0.95 0.97 1734.71 1845.05 1855.85 1874.86 109.30 58.19 64.81 46.14 1844.01 1903.23 1920.66 1921.00  65629.21 25701.54 33295.35 12215.82 1921.00 136841.92  521042.72
1000 0.97 250  235  221  366  178 0.99 0.97 0.96 0.97 1762.04 1849.62 1870.27 1878.65 122.29 76.20 55.78 46.21 1884.34 1925.82 1926.04 1924.87  77893.26 42707.06 24768.50 12284.84 1926.04 157653.65  639164.56
1000 0.97 300  214  154  360  272 1.00 0.99 0.96 0.95 1795.12 1849.07 1856.86 1860.10 114.92 62.49 55.35 53.09 1910.04 1911.55 1912.21 1913.18  70932.58 29759.67 24362.45 18772.34 1913.18 143827.05  717782.37
1000 0.97 350  240  267  283  210 0.99 0.96 0.97 0.96 1778.53 1811.44 1855.04 1855.24 124.05 85.62 49.83 48.55 1902.58 1897.06 1904.87 1903.80  79550.56 51596.32 19151.60 14493.35 1904.87 164791.82  831497.20
1000 0.97 400  217  277  290  216 1.00 0.96 0.97 0.96 1806.45 1836.50 1874.90 1873.85 115.97 87.66 50.33 48.99 1922.42 1924.16 1925.23 1922.84  71926.97 53528.76 19625.31 14907.44 1925.23 159988.48  930078.80
1000 0.97 450  241  181  363  215 0.99 0.98 0.96 0.96 1781.83 1847.29 1863.56 1870.75 124.40 68.01 55.56 48.92 1906.23 1915.30 1919.13 1919.67  79882.02 34977.28 24565.48 14838.43 1919.67 154263.20 1018113.54
1000 0.97  50    0  131  479  390 0.00 1.00 0.97 0.96    0.00 1834.48 2410.89 2413.39  0.00 57.78 63.88 61.71    0.00 1892.26 2474.76 2475.10      0.00 25315.05 32415.60 26916.22 2475.10 84646.86  208402.00
1000 0.97 500  212  178  483  127 1.00 0.98 0.95 0.99 1787.57 1835.61 1841.15 1860.37 114.22 67.40 64.17 42.48 1901.79 1903.01 1905.32 1902.86  70269.66 34397.54 32686.29  8765.02 1905.32 146118.52 1098776.07
