 100 0.98   0    0    0  100    0 0.00 0.00 0.99 0.00    0.00    0.00 1456.38    0.00  0.00  0.00 36.71  0.00    0.00    0.00 1493.09    0.00      0.00     0.00  6767.35     0.00 1493.09  6767.35    6767.35
 100 0.98 100   27   13   35   25 1.00 1.00 1.00 0.92 1089.02 1211.14 1214.90 1212.70 49.26 33.62 32.05 35.03 1138.28 1244.76 1246.95 1247.73   8949.44  2512.18  2368.57  1725.40 1247.73 15555.59  140328.36
 100 0.98 150   43   13   44    0 1.00 0.96 0.97 0.00 1149.44 1175.04 1177.26    0.00 54.88 33.62 32.69  0.00 1204.32 1208.66 1209.95    0.00  14252.81  2512.18  2977.63     0.00 1209.95 19742.62  201235.65
 100 0.98 200   43   13   44    0 1.00 0.95 0.97 0.00 1149.44 1166.01 1177.26    0.00 54.88 33.62 32.69  0.00 1204.32 1199.64 1209.95    0.00  14252.81  2512.18  2977.63     0.00 1209.95 19742.62  261733.33
 100 0.98 250   44   13   43    0 1.00 0.95 0.97 0.00 1153.21 1166.01 1174.42    0.00 55.23 33.62 32.62  0.00 1208.44 1199.64 1207.05    0.00  14584.27  2512.18  2909.96     0.00 1208.44 20006.41  322117.31
 100 0.98 300   46    9   28   17 1.00 0.99 1.00 0.89 1160.77 1183.76 1182.41 1174.80 55.93 32.80 31.55 34.44 1216.70 1216.57 1213.96 1209.25  15247.19  1739.20  1894.86  1173.27 1216.70 20054.52  385063.84
 100 0.98 350   46    8   28   18 1.00 1.00 1.00 0.89 1160.77 1184.73 1182.41 1173.08 55.93 32.60 31.55 34.52 1216.70 1217.33 1213.96 1207.60  15247.19  1545.96  1894.86  1242.29 1217.33 19930.29  445994.58
 100 0.98 400   45   10   32   13 1.00 0.98 0.99 0.89 1156.99 1181.41 1181.73 1181.69 55.58 33.01 31.83 34.15 1212.57 1214.42 1213.56 1215.84  14915.73  1932.45  2165.55   897.21 1215.84 19910.94  506247.46
 100 0.98 450   49   16   35    0 0.99 0.95 0.98 0.00 1148.66 1171.45 1172.79    0.00 56.99 34.24 32.05  0.00 1205.65 1205.68 1204.84    0.00  16241.57  3091.91  2368.57     0.00 1205.68 21702.06  564259.90
 100 0.98  50    0    0   76   24 0.00 0.00 0.98 0.98    0.00    0.00 1313.73 1311.56  0.00  0.00 34.99 34.95    0.00    0.00 1348.71 1346.52      0.00     0.00  5143.18  1656.38 1348.71  6799.57   74235.24
 100 0.98 500   45    5   39   11 1.00 1.00 0.98 0.89 1156.99 1168.88 1186.54 1185.13 55.58 31.98 32.34 34.00 1212.57 1200.86 1218.88 1219.14  14915.73   966.22  2639.27   759.18 1219.14 19280.39  628849.83
