2000 0.98   0    0    0 2000    0 0.00 0.00 1.00 0.00    0.00    0.00 10333.51    0.00  0.00  0.00 172.92  0.00    0.00    0.00 10506.43    0.00      0.00     0.00 135346.97     0.00 10506.43 135346.97  135346.97
2000 0.98 100    5  490  677  828 1.00 1.00 0.99 0.96 1005.95 3730.92 3786.87 3771.54 41.54 131.27 78.07 93.74 1047.49 3862.19 3864.95 3865.28   1657.30 94689.87 45814.95 57145.20 3865.28 199307.32  585835.11
2000 0.98 150  120  518  735  627 0.99 0.99 0.98 0.97 1382.80 3519.21 3579.01 3580.26 81.91 137.00 82.23 79.04 1464.72 3656.21 3661.24 3659.30  39775.28 100100.72 49740.01 43272.99 3661.24 232889.00  782074.76
2000 0.98 200  472  389  673  466 1.00 0.99 0.97 0.97 2769.31 2927.32 2961.05 2970.10 205.51 110.59 77.79 67.27 2974.82 3037.91 3038.84 3037.37  156449.44 75172.16 45544.26 32161.43 3038.84 309327.28  917095.43
2000 0.98 250  543  448  550  459 0.99 0.98 0.98 0.97 2777.75 2887.00 2943.08 2943.58 230.44 122.67 68.97 66.76 3008.19 3009.67 3012.05 3010.33  179983.15 86573.59 37220.42 31678.32 3012.05 335455.47 1088467.22
2000 0.98 300  480  337  842  341 1.00 1.00 0.96 0.99 2799.52 2922.69 2933.84 2966.25 208.32 99.95 89.90 58.13 3007.84 3022.64 3023.74 3024.38  159101.12 65123.44 56981.07 23534.43 3024.38 304740.07 1212055.16
2000 0.98 350  622  445  546  387 0.98 0.98 0.98 0.98 2740.83 2875.32 2929.33 2937.34 258.18 122.06 68.68 61.49 2999.01 2997.37 2998.01 2998.83  206168.54 85993.86 36949.72 26709.17 2999.01 355821.29 1405475.42
2000 0.98 400  620  446  547  387 0.98 0.98 0.98 0.98 2735.19 2879.21 2932.77 2937.34 257.48 122.26 68.75 61.49 2992.67 3001.47 3001.52 2998.83  205505.62 86187.10 37017.40 26709.17 3001.52 355419.29 1556027.12
2000 0.98 450  496  396  484  624 1.00 0.99 0.99 0.95 2859.94 2959.44 3007.35 2709.07 213.94 112.02 64.24 78.82 3073.87 3071.46 3071.58 2787.89  164404.49 76524.87 32753.97 43065.95 3073.87 316749.28 1699992.11
2000 0.98  50    0    3 1147  850 0.00 0.98 0.98 0.98    0.00 1154.15 4995.24 5010.99  0.00 31.57 111.77 95.34    0.00 1185.72 5107.01 5106.33      0.00   579.73 77621.49 58663.55 5107.01 136864.77  392215.02
2000 0.98 500  622  445  546  387 0.98 0.98 0.98 0.98 2740.83 2875.32 2929.33 2937.34 258.18 122.06 68.68 61.49 2999.01 2997.37 2998.01 2998.83  206168.54 85993.86 36949.72 26709.17 2999.01 355821.29 1855327.19
