1000 0.98   0    0    0 1000    0 0.00 0.00 1.00 0.00    0.00    0.00 5693.00    0.00  0.00  0.00 101.23  0.00    0.00    0.00 5794.22    0.00      0.00     0.00 67673.48     0.00 5794.22 67673.48   67673.48
1000 0.98 100  163  193  244  400 1.00 1.00 1.00 0.95 1602.55 2162.00 2184.76 2168.82 97.01 70.47 47.03 62.44 1699.56 2232.47 2231.80 2231.26  54028.09 37296.21 16512.33 27606.38 2232.47 135443.01  358690.08
1000 0.98 150  144  195  400  261 1.00 1.00 0.97 0.97 1530.81 2172.57 2186.85 2193.20 90.34 70.88 58.22 52.28 1621.15 2243.45 2245.06 2245.49  47730.34 37682.70 27069.39 18013.16 2245.49 130495.59  467318.39
1000 0.98 200  249  166  244  341 1.00 1.00 0.99 0.95 1927.28 2019.37 2037.99 2026.52 127.21 64.94 47.03 58.13 2054.49 2084.31 2085.02 2084.65  82533.71 32078.61 16512.33 23534.43 2085.02 154659.08  571663.71
1000 0.98 250  286  165  284  265 0.99 1.00 0.98 0.96 1930.23 2014.09 2028.72 2025.79 140.20 64.74 49.90 52.57 2070.43 2078.83 2078.62 2078.36  94797.75 31885.36 19219.27 18289.22 2078.83 164191.61  683898.42
1000 0.98 300  284  217  239  260 0.99 0.98 0.99 0.96 1923.63 1987.48 2017.80 2010.29 139.50 75.38 46.67 52.21 2063.13 2062.86 2064.47 2062.49  94134.83 41934.08 16173.96 17944.14 2064.47 170187.02  789527.95
1000 0.98 350  256  190  286  268 1.00 0.99 0.98 0.96 1953.71 2014.25 2035.59 2035.09 129.67 69.85 50.04 52.79 2083.38 2084.10 2085.63 2087.88  84853.93 36716.48 19354.62 18496.27 2087.88 159421.30  890181.04
1000 0.98 400  289  189  284  238 0.99 0.99 0.98 0.96 1940.12 2009.66 2028.72 1942.07 141.25 69.65 49.90 50.60 2081.38 2079.31 2078.62 1992.67  95792.13 36523.23 19219.27 16425.79 2081.38 167960.43 1000510.43
1000 0.98 450  252  216  280  252 1.00 0.98 0.98 0.96 1938.61 1983.58 2014.97 1985.48 128.26 75.18 49.61 51.62 2066.87 2058.76 2064.58 2037.10  83528.09 41740.84 18948.58 17392.02 2066.87 161609.52 1091701.59
1000 0.98  50    0   14  576  410 0.00 0.98 0.98 0.98    0.00 1196.99 3032.45 3040.35  0.00 33.83 70.83 63.18    0.00 1230.81 3103.28 3103.53      0.00  2705.42 38979.93 28296.53 3103.53 69981.89  225158.17
1000 0.98 500  254  165  242  339 1.00 1.00 0.99 0.95 1946.16 2014.09 2029.91 2021.69 128.97 64.74 46.89 57.98 2075.13 2078.83 2076.80 2079.68  84191.01 31885.36 16376.98 23396.40 2079.68 155849.76 1195688.09
