1000 0.97   0   81  138  394  387 0.97 0.97 0.97 0.97 1176.72 1584.04 2169.83 2670.71 68.22 59.21 57.79 61.49 1244.94 1643.25 2227.62 2732.21  26848.31 26667.76 26663.35 26709.17 2732.21 106888.59  106888.59
1000 0.97 100   81  138  394  387 0.97 0.97 0.97 0.97 1176.72 1584.04 2169.83 2670.71 68.22 59.21 57.79 61.49 1244.94 1643.25 2227.62 2732.21  26848.31 26667.76 26663.35 26709.17 2732.21 106888.59  380109.32
1000 0.97 150   81  138  394  387 0.97 0.97 0.97 0.97 1176.72 1584.04 2169.83 2670.71 68.22 59.21 57.79 61.49 1244.94 1643.25 2227.62 2732.21  26848.31 26667.76 26663.35 26709.17 2732.21 106888.59  516719.68
1000 0.97 200   81  138  394  387 0.97 0.97 0.97 0.97 1176.72 1584.04 2169.83 2670.71 68.22 59.21 57.79 61.49 1244.94 1643.25 2227.62 2732.21  26848.31 26667.76 26663.35 26709.17 2732.21 106888.59  653330.05
1000 0.97 250   81  138  394  387 0.97 0.97 0.97 0.97 1176.72 1584.04 2169.83 2670.71 68.22 59.21 57.79 61.49 1244.94 1643.25 2227.62 2732.21  26848.31 26667.76 26663.35 26709.17 2732.21 106888.59  789940.41
1000 0.97 300   81  138  394  387 0.97 0.97 0.97 0.97 1176.72 1584.04 2169.83 2670.71 68.22 59.21 57.79 61.49 1244.94 1643.25 2227.62 2732.21  26848.31 26667.76 26663.35 26709.17 2732.21 106888.59  926550.77
1000 0.97 350   81  138  394  387 0.97 0.97 0.97 0.97 1176.72 1584.04 2169.83 2670.71 68.22 59.21 57.79 61.49 1244.94 1643.25 2227.62 2732.21  26848.31 26667.76 26663.35 26709.17 2732.21 106888.59 1063161.14
1000 0.97 400   81  138  394  387 0.97 0.97 0.97 0.97 1176.72 1584.04 2169.83 2670.71 68.22 59.21 57.79 61.49 1244.94 1643.25 2227.62 2732.21  26848.31 26667.76 26663.35 26709.17 2732.21 106888.59 1199771.50
1000 0.97 450   81  138  394  387 0.97 0.97 0.97 0.97 1176.72 1584.04 2169.83 2670.71 68.22 59.21 57.79 61.49 1244.94 1643.25 2227.62 2732.21  26848.31 26667.76 26663.35 26709.17 2732.21 106888.59 1336381.86
1000 0.97 500   81  138  394  387 0.97 0.97 0.97 0.97 1176.72 1584.04 2169.83 2670.71 68.22 59.21 57.79 61.49 1244.94 1643.25 2227.62 2732.21  26848.31 26667.76 26663.35 26709.17 2732.21 106888.59 1472992.23
1000 0.97  50   81  138  394  387 0.97 0.97 0.97 0.97 1176.72 1584.04 2169.83 2670.71 68.22 59.21 57.79 61.49 1244.94 1643.25 2227.62 2732.21  26848.31 26667.76 26663.35 26709.17 2732.21 106888.59  243498.96
