1000 0.97   0  327  216  284  173 0.97 0.97 0.97 0.97 1752.70 1833.62 1857.88 1859.70 154.60 75.18 49.90 45.85 1907.29 1908.80 1907.78 1905.55  108387.64 41740.84 19219.27 11939.76 1908.80 181287.51  181287.51
1000 0.97 100  327  216  284  173 0.97 0.97 0.97 0.97 1752.70 1833.62 1857.88 1859.70 154.60 75.18 49.90 45.85 1907.29 1908.80 1907.78 1905.55  108387.64 41740.84 19219.27 11939.76 1908.80 181287.51  372167.42
1000 0.97 150  327  216  284  173 0.97 0.97 0.97 0.97 1752.70 1833.62 1857.88 1859.70 154.60 75.18 49.90 45.85 1907.29 1908.80 1907.78 1905.55  108387.64 41740.84 19219.27 11939.76 1908.80 181287.51  467607.38
1000 0.97 200  327  216  284  173 0.97 0.97 0.97 0.97 1752.70 1833.62 1857.88 1859.70 154.60 75.18 49.90 45.85 1907.29 1908.80 1907.78 1905.55  108387.64 41740.84 19219.27 11939.76 1908.80 181287.51  563047.34
1000 0.97 250  327  216  284  173 0.97 0.97 0.97 0.97 1752.70 1833.62 1857.88 1859.70 154.60 75.18 49.90 45.85 1907.29 1908.80 1907.78 1905.55  108387.64 41740.84 19219.27 11939.76 1908.80 181287.51  658487.29
1000 0.97 300  327  216  284  173 0.97 0.97 0.97 0.97 1752.70 1833.62 1857.88 1859.70 154.60 75.18 49.90 45.85 1907.29 1908.80 1907.78 1905.55  108387.64 41740.84 19219.27 11939.76 1908.80 181287.51  753927.25
1000 0.97 350  327  216  284  173 0.97 0.97 0.97 0.97 1752.70 1833.62 1857.88 1859.70 154.60 75.18 49.90 45.85 1907.29 1908.80 1907.78 1905.55  108387.64 41740.84 19219.27 11939.76 1908.80 181287.51  849367.21
1000 0.97 400  327  216  284  173 0.97 0.97 0.97 0.97 1752.70 1833.62 1857.88 1859.70 154.60 75.18 49.90 45.85 1907.29 1908.80 1907.78 1905.55  108387.64 41740.84 19219.27 11939.76 1908.80 181287.51  944807.16
1000 0.97 450  327  216  284  173 0.97 0.97 0.97 0.97 1752.70 1833.62 1857.88 1859.70 154.60 75.18 49.90 45.85 1907.29 1908.80 1907.78 1905.55  108387.64 41740.84 19219.27 11939.76 1908.80 181287.51 1040247.12
1000 0.97 500  327  216  284  173 0.97 0.97 0.97 0.97 1752.70 1833.62 1857.88 1859.70 154.60 75.18 49.90 45.85 1907.29 1908.80 1907.78 1905.55  108387.64 41740.84 19219.27 11939.76 1908.80 181287.51 1135687.08
1000 0.97  50  327  216  284  173 0.97 0.97 0.97 0.97 1752.70 1833.62 1857.88 1859.70 154.60 75.18 49.90 45.85 1907.29 1908.80 1907.78 1905.55  108387.64 41740.84 19219.27 11939.76 1908.80 181287.51  276727.46
